# rank n mean_Re_E mean_Im_E local_plugin_V acceptance max_inverse_drift initial_tries elapsed_seconds
           0       32768  -1.2430961201337574E+002  -1.6558015201160649E-003   4.7018289821218691E+000   2.1846675872802734E-001   2.6680693477802957E-013   1.0000000000000000E+000   6.6727672004979104E+002
           1       32768  -1.2431261772668822E+002   8.9237359862545888E-003   4.6738433954791798E+000   2.1863710880279541E-001   1.0599792859017371E-013   1.0000000000000000E+000   6.6354241907503456E+002
           2       32768  -1.2433188994339224E+002  -5.5376106109237180E-003   4.7729752479652099E+000   2.1855628490447998E-001   1.5696894068061389E-013   1.0000000000000000E+000   6.6590545996371657E+002
           3       32768  -1.2429024540822644E+002   5.0081203566275379E-005   4.6621366241171103E+000   2.1859586238861084E-001   1.7681588736136710E-013   1.0000000000000000E+000   6.6061986666545272E+002
           4       32768  -1.2432162535762808E+002  -3.2612305915710282E-003   5.2082813967123567E+000   2.1888720989227295E-001   1.6916458603613195E-013   1.0000000000000000E+000   6.6320792914088815E+002
           5       32768  -1.2431681842123311E+002   1.5644476438557105E-002   5.4083879263232841E+000   2.1859586238861084E-001   1.8197596843272546E-013   1.0000000000000000E+000   6.5989808637555689E+002
           6       32768  -1.2429789567002614E+002   3.5859278920852299E-003   4.6412337611722734E+000   2.1862959861755371E-001   6.7982053563238393E-013   1.0000000000000000E+000   6.6282373112719506E+002
           7       32768  -1.2430695391995135E+002  -6.5847412811561225E-003   4.6721513135522024E+000   2.1873486042022705E-001   1.7293552364372769E-013   1.0000000000000000E+000   6.5989758170675486E+002
           8       32768  -1.2430594667644290E+002  -3.7795509426240066E-003   4.6890389436101820E+000   2.1851110458374023E-001   9.9813415924669044E-014   1.0000000000000000E+000   6.6303069250471890E+002
           9       32768  -1.2431731450228774E+002  -3.5490593551508304E-003   4.7949554040483573E+000   2.1835100650787354E-001   2.6542521714040289E-013   1.0000000000000000E+000   6.5983331529982388E+002
          10       32768  -1.2430902602188171E+002  -4.0086404069663078E-003   4.9245087016116180E+000   2.1852231025695801E-001   2.0867002072489474E-013   1.0000000000000000E+000   6.6252035799063742E+002
          11       32768  -1.2431740406669127E+002  -5.6108341552657042E-003   4.7967380868775891E+000   2.1854555606842041E-001   1.8284949661981618E-013   1.0000000000000000E+000   6.5963065558206290E+002
          12       32768  -1.2430561559223993E+002   6.3646126969161901E-003   5.1743875475918006E+000   2.1913349628448486E-001   8.9239154426287458E-013   1.0000000000000000E+000   6.6376100465655327E+002
          13       32768  -1.2431653622179243E+002  -1.7319204143232158E-003   5.1476501648750386E+000   2.1890985965728760E-001   9.9064995136955724E-013   1.0000000000000000E+000   6.6078264866862446E+002
          14       32768  -1.2430632270313777E+002  -4.6598718111888586E-003   4.9672823508258848E+000   2.1875965595245361E-001   1.6920416746535590E-013   1.0000000000000000E+000   6.6295970543194562E+002
          15       32768  -1.2431912144238024E+002   3.9929750516474027E-003   5.3112167045838472E+000   2.1887600421905518E-001   3.1056374004420221E-013   1.0000000000000000E+000   6.6033640130981803E+002
          16       32768  -1.2432970734132111E+002  -1.2741501136574345E-003   4.9390954038047035E+000   2.1891677379608154E-001   3.2961078793558385E-013   1.0000000000000000E+000   6.6498752681352198E+002
          17       32768  -1.2431471080793328E+002  -2.2557084994491161E-003   4.5357874638759181E+000   2.1836090087890625E-001   2.5678117985116556E-013   1.0000000000000000E+000   6.6052694799937308E+002
          18       32768  -1.2434183087741022E+002  -3.2411192636082930E-003   4.8224954142395404E+000   2.1831440925598145E-001   1.5939533687393637E-013   1.0000000000000000E+000   6.6227893950790167E+002
          19       32768  -1.2429864767038281E+002  -1.5164872471925034E-003   4.7679362954211122E+000   2.1850478649139404E-001   1.9481648010689535E-013   1.0000000000000000E+000   6.5902667528390884E+002
          20       32768  -1.2431222590609653E+002   4.5935918739484832E-003   4.5510451575467581E+000   2.1862423419952393E-001   1.4017839636400135E-013   1.0000000000000000E+000   6.6326198957767338E+002
          21       32768  -1.2430540045698670E+002  -2.4148167253001313E-003   4.5814424826859899E+000   2.1882450580596924E-001   1.6906077937202340E-013   1.0000000000000000E+000   6.5990882063936442E+002
          22       32768  -1.2430570394415939E+002  -8.7584888045820243E-003   4.5511532764760503E+000   2.1857678890228271E-001   2.2656614987001709E-013   1.0000000000000000E+000   6.6251669769454747E+002
          23       32768  -1.2431974580972317E+002   4.5630214306076496E-004   4.8894080694341646E+000   2.1849584579467773E-001   2.3780213492721993E-013   1.0000000000000000E+000   6.5893274302501231E+002
          24       32768  -1.2430473176447217E+002   2.0991970273266914E-003   5.0450680849907563E+000   2.1852266788482666E-001   1.6351984015153748E-013   1.0000000000000000E+000   6.6319674214255065E+002
          25       32768  -1.2430783271094548E+002  -7.1944853741475173E-003   4.7339360559391661E+000   2.1895849704742432E-001   1.1053730211012443E-013   1.0000000000000000E+000   6.6251634021196514E+002
          26       32768  -1.2432031514779754E+002   6.6410211411208914E-003   5.0523900104213197E+000   2.1874272823333740E-001   6.2559648896024608E-013   1.0000000000000000E+000   6.6248403914552182E+002
          27       32768  -1.2431458267304001E+002   8.1854847857308686E-004   4.8038980295347535E+000   2.1864962577819824E-001   3.5522868860168047E-013   1.0000000000000000E+000   6.5957834010757506E+002
          28       32768  -1.2432180227806583E+002   7.7375210846616286E-004   4.9169571117211337E+000   2.1815466880798340E-001   2.8669306276332194E-013   1.0000000000000000E+000   6.6165516215935349E+002
          29       32768  -1.2433768023387033E+002  -1.1708319613372148E-002   5.1565165208643275E+000   2.1863937377929688E-001   1.5742137799836098E-013   1.0000000000000000E+000   6.5901569627318531E+002
          30       32768  -1.2431438331568030E+002   9.5475248353267322E-004   5.0452526586931512E+000   2.1871399879455566E-001   1.4628840328625447E-013   1.0000000000000000E+000   6.6336062989570200E+002
          31       32768  -1.2430810575654645E+002   3.9336974183251782E-003   5.0235544148868776E+000   2.1859240531921387E-001   4.0308078993133190E-013   1.0000000000000000E+000   6.5912609489820898E+002
          32       32768  -1.2431174220915464E+002  -1.8105188581838776E-003   4.9988099157692076E+000   2.1860146522521973E-001   2.2990131295673371E-013   1.0000000000000000E+000   6.6358222712948918E+002
          33       32768  -1.2433206448991430E+002  -4.7025863112243483E-003   5.0187296906940961E+000   2.1850836277008057E-001   3.4647603440426044E-013   1.0000000000000000E+000   6.5938176292553544E+002
          34       32768  -1.2429052147969639E+002   1.8955186174261784E-003   4.5215443732523095E+000   2.1844387054443359E-001   1.3712489470449319E-013   1.0000000000000000E+000   6.6203620776906610E+002
          35       32768  -1.2431586148114174E+002   2.5600457237732500E-003   4.9628252929039469E+000   2.1856725215911865E-001   2.8829315675213506E-013   1.0000000000000000E+000   6.5940007780026644E+002
          36       32768  -1.2429314291182402E+002  -5.0121955007266057E-003   4.6671009151154141E+000   2.1868872642517090E-001   1.4466038828703790E-013   1.0000000000000000E+000   6.6309174422826618E+002
          37       32768  -1.2431187333887206E+002   4.3171641042366602E-003   5.4437005684349398E+000   2.1887922286987305E-001   1.1805994554485043E-013   1.0000000000000000E+000   6.6028273269999772E+002
          38       32768  -1.2430379306359849E+002  -1.7635337550741634E-003   4.6215694637882070E+000   2.1835970878601074E-001   1.2884606294143445E-013   1.0000000000000000E+000   6.6249324607755989E+002
          39       32768  -1.2429791060822450E+002  -4.5970497823302012E-003   5.0447111243812426E+000   2.1867585182189941E-001   2.0408521546783261E-013   1.0000000000000000E+000   6.5962149494327605E+002
          40       32768  -1.2429843954485814E+002  -7.0072068187837823E-003   4.9792329806254116E+000   2.1819007396697998E-001   2.3061850397989260E-013   1.0000000000000000E+000   6.6212116044852883E+002
          41       32768  -1.2431989728956763E+002  -7.8525745387433947E-003   4.9936212055900508E+000   2.1854531764984131E-001   2.6541075544433134E-013   1.0000000000000000E+000   6.5947838857304305E+002
          42       32768  -1.2430432528768966E+002  -9.2277887671793554E-003   4.8149430317621373E+000   2.1860027313232422E-001   2.3416883582752712E-013   1.0000000000000000E+000   6.6360238024499267E+002
          43       32768  -1.2432637178496077E+002   1.9113750373936133E-003   4.7666043296735623E+000   2.1886706352233887E-001   1.6195895587597570E-013   1.0000000000000000E+000   6.6051417364366353E+002
          44       32768  -1.2429281774911935E+002  -3.7402731291953885E-003   4.8212592375215664E+000   2.1817529201507568E-001   1.6865400532420002E-013   1.0000000000000000E+000   6.6207324162963778E+002
          45       32768  -1.2432754336187885E+002   4.1423713511263846E-003   4.9117899542285670E+000   2.1867203712463379E-001   1.1451752948190327E-013   1.0000000000000000E+000   6.5982174258865416E+002
          46       32768  -1.2431533194876269E+002   7.4799034414939625E-003   4.7610185625981654E+000   2.1857833862304688E-001   1.3057505823789503E-013   1.0000000000000000E+000   6.6401873219292611E+002
          47       32768  -1.2431353569585933E+002   3.6884629212084277E-003   5.2129117503635136E+000   2.1864211559295654E-001   2.1112843535967189E-013   1.0000000000000000E+000   6.5965773169137537E+002
          48       32768  -1.2431799556153432E+002  -7.6344742337341219E-003   5.2042711879089421E+000   2.1870148181915283E-001   2.1285245513605017E-013   1.0000000000000000E+000   6.7206320854928344E+002
          49       32768  -1.2429921071103227E+002   6.6634191403492646E-003   5.0945525785089512E+000   2.1885907649993896E-001   1.7057237086403202E-013   1.0000000000000000E+000   6.6023064890876412E+002
          50       32768  -1.2431253299549593E+002  -5.8498740830157294E-003   4.8461147355785368E+000   2.1859109401702881E-001   2.7142941676126727E-013   1.0000000000000000E+000   6.6381135355588049E+002
          51       32768  -1.2430185323760807E+002   8.0732008486354191E-004   4.8633225109050073E+000   2.1879506111145020E-001   1.7490530191477754E-013   1.0000000000000000E+000   6.6029894014168531E+002
          52       32768  -1.2429290392776406E+002   3.7838212528037520E-003   4.6027325378095671E+000   2.1851611137390137E-001   3.6321875161879102E-013   1.0000000000000000E+000   6.6233529778104275E+002
          53       32768  -1.2428944736172433E+002   2.2469358400332550E-003   5.3964569922947128E+000   2.1847987174987793E-001   2.9016009375982949E-013   1.0000000000000000E+000   6.5948647874128073E+002
          54       32768  -1.2431489209678118E+002   6.4548749941861928E-003   4.8928033978094163E+000   2.1855902671813965E-001   4.3809054617765420E-013   1.0000000000000000E+000   6.6279002179857343E+002
          55       32768  -1.2431606428447154E+002   8.6320766154676098E-003   4.9363865331443755E+000   2.1828317642211914E-001   1.5526695545079859E-013   1.0000000000000000E+000   6.5905199927464128E+002
          56       32768  -1.2431163934476737E+002  -1.2354632770736028E-002   5.0859642661022697E+000   2.1863353252410889E-001   7.2268270539859232E-014   1.0000000000000000E+000   6.6292738825455308E+002
          57       32768  -1.2431008193104344E+002   4.5292004758658889E-003   5.0590945276865753E+000   2.1851289272308350E-001   1.5045794563315999E-013   1.0000000000000000E+000   6.6029561396036297E+002
          58       32768  -1.2430016743419782E+002  -5.4036169490821332E-003   4.9593925272027040E+000   2.1879839897155762E-001   1.3252425153473478E-013   1.0000000000000000E+000   6.6336979339737445E+002
          59       32768  -1.2429706718417756E+002  -4.8212181682116681E-003   4.6465233735035589E+000   2.1870565414428711E-001   2.1616186505370302E-013   1.0000000000000000E+000   6.5972602567914873E+002
          60       32768  -1.2428891052534694E+002  -7.0435067324519929E-003   4.7222023225277407E+000   2.1841526031494141E-001   3.3261472854019901E-013   1.0000000000000000E+000   6.6299688438046724E+002
          61       32768  -1.2427196749115045E+002   2.6992992592298438E-003   4.5270234345672264E+000   2.1834731101989746E-001   2.6531697939674945E-013   1.0000000000000000E+000   6.5887780762091279E+002
          62       32768  -1.2431148798439592E+002   3.4859613143642743E-003   4.7455928042153968E+000   2.1872735023498535E-001   5.5636404340313554E-013   1.0000000000000000E+000   6.6399791222717613E+002
          63       32768  -1.2430294061642658E+002   1.6547018884795995E-003   4.7330545429944930E+000   2.1854639053344727E-001   2.2523696804039250E-013   1.0000000000000000E+000   6.5925018359161913E+002
          64       32768  -1.2432676341072987E+002   1.9025533407650806E-003   4.7121179957511412E+000   2.1906459331512451E-001   1.7788731817044518E-013   1.0000000000000000E+000   6.5415077491966076E+002
          65       32768  -1.2431458845078434E+002   3.1448730413239810E-003   4.6995045122451469E+000   2.1848571300506592E-001   2.3918309351865864E-013   1.0000000000000000E+000   6.6240232627838850E+002
          66       32768  -1.2429251687322085E+002  -2.0115641566953025E-003   4.7269100176955057E+000   2.1841084957122803E-001   2.0729053147925815E-013   1.0000000000000000E+000   6.5205240721115842E+002
          67       32768  -1.2430728746465422E+002  -4.4836025270354914E-004   4.6257002189212724E+000   2.1854710578918457E-001   1.1584313764384936E-013   1.0000000000000000E+000   6.6209819462010637E+002
          68       32768  -1.2430293146413328E+002   5.9019393836925726E-003   4.6867869464928695E+000   2.1873426437377930E-001   1.2842425655435012E-013   1.0000000000000000E+000   6.5109204674512148E+002
          69       32768  -1.2430778789801018E+002  -2.6808256715082739E-004   4.9409558759892320E+000   2.1910834312438965E-001   2.9938304935454404E-013   1.0000000000000000E+000   6.6348004219681025E+002
          70       32768  -1.2432599213956439E+002   6.5880270311019888E-003   5.3950190423188626E+000   2.1900033950805664E-001   1.7853241350167675E-013   1.0000000000000000E+000   6.5177639563521370E+002
          71       32768  -1.2434323811050757E+002  -5.0884736841025199E-003   4.6324714908528719E+000   2.1884334087371826E-001   1.3690648053272650E-013   1.0000000000000000E+000   6.6220381314051338E+002
          72       32768  -1.2429617851851236E+002   3.5953201491297280E-003   4.5860454120370857E+000   2.1830224990844727E-001   1.4822300212565534E-013   1.0000000000000000E+000   6.5072918758844025E+002
          73       32768  -1.2431213399175307E+002  -6.8989134474715611E-003   4.3547504164601722E+000   2.1865785121917725E-001   4.7830672798896467E-013   1.0000000000000000E+000   6.6221060041710734E+002
          74       32768  -1.2429951318449332E+002   8.3281982749254056E-003   4.8600255866837045E+000   2.1837818622589111E-001   3.3262825647104238E-013   1.0000000000000000E+000   6.5112644790275954E+002
          75       32768  -1.2430795240451623E+002  -5.5438362747645261E-003   4.7360926533062155E+000   2.1878552436828613E-001   1.7442284284510089E-013   1.0000000000000000E+000   6.6183688599290326E+002
          76       32768  -1.2431162519887519E+002  -1.0322615445910371E-002   4.8969205165859861E+000   2.1877527236938477E-001   2.1002635139800282E-013   1.0000000000000000E+000   6.5169438370876014E+002
          77       32768  -1.2431037235458211E+002  -5.6841270955129020E-003   4.8670252721004452E+000   2.1853256225585938E-001   3.0584754452254580E-013   1.0000000000000000E+000   6.6152907167118974E+002
          78       32768  -1.2429369476312630E+002  -5.5202224364959869E-003   4.7076526782964301E+000   2.1853935718536377E-001   1.2125151343116127E-013   1.0000000000000000E+000   6.5109814015869051E+002
          79       32768  -1.2431139072526685E+002   1.0959398240290399E-003   4.6488206738807065E+000   2.1854984760284424E-001   1.6144912374125063E-013   1.0000000000000000E+000   6.6172280055982992E+002
          80       32768  -1.2431479609759086E+002   4.3349444479522971E-003   5.1800709810535643E+000   2.1841263771057129E-001   3.4998765727583767E-013   1.0000000000000000E+000   6.5247867452213541E+002
          81       32768  -1.2434437433142872E+002  -7.5877656620073715E-003   5.3294719301481734E+000   2.1882069110870361E-001   1.9136322297918032E-013   1.0000000000000000E+000   6.6323721545073204E+002
          82       32768  -1.2430169611987940E+002  -6.4060917348402894E-003   5.0473269393033107E+000   2.1874547004699707E-001   6.5462379008103985E-013   1.0000000000000000E+000   6.5113125442666933E+002
          83       32768  -1.2430077760474917E+002  -4.8295056856301763E-003   5.0044650407816871E+000   2.1802663803100586E-001   1.9907227240462420E-013   1.0000000000000000E+000   6.5995974483620375E+002
          84       32768  -1.2427667089941311E+002   1.4251497253100468E-002   4.8625274574406454E+000   2.1877312660217285E-001   1.9660928493538833E-013   1.0000000000000000E+000   6.5110319870733656E+002
          85       32768  -1.2429297635282782E+002   1.0119098878695994E-002   5.0889741385751996E+000   2.1850395202636719E-001   2.4262005714891451E-013   1.0000000000000000E+000   6.6172438884386793E+002
          86       32768  -1.2429631768583633E+002   1.2676733191065328E-002   4.4006659113283160E+000   2.1852922439575195E-001   1.9145243030580019E-013   1.0000000000000000E+000   6.5104783127084374E+002
          87       32768  -1.2431660428590013E+002  -9.8463547475764798E-003   5.4309451108971665E+000   2.1825397014617920E-001   3.0548223065007651E-013   1.0000000000000000E+000   6.6095978206046857E+002
          88       32768  -1.2428564620716310E+002  -3.8333968688668420E-003   4.5472456296352082E+000   2.1849274635314941E-001   2.4058869118380437E-013   1.0000000000000000E+000   6.5122211601631716E+002
          89       32768  -1.2431164753404586E+002   2.4995408657384824E-003   4.6607597697629064E+000   2.1856629848480225E-001   2.6860960317538499E-013   1.0000000000000000E+000   6.6167367188422941E+002
          90       32768  -1.2430308414966440E+002   6.8781294070362261E-003   5.1433670309943977E+000   2.1874225139617920E-001   1.6344292513917042E-013   1.0000000000000000E+000   6.5122457045083866E+002
          91       32768  -1.2432025055611260E+002  -2.6780471529851122E-003   5.1040923773875999E+000   2.1829569339752197E-001   1.3921005194720583E-013   1.0000000000000000E+000   6.6069071056880057E+002
          92       32768  -1.2430514096087876E+002   5.6325778158877607E-004   4.5614545483117475E+000   2.1837902069091797E-001   2.2910495754823497E-013   1.0000000000000000E+000   6.5074843813339248E+002
          93       32768  -1.2431578837059763E+002   5.8515918987640898E-003   4.5822259652993811E+000   2.1832883358001709E-001   4.9070640243757432E-013   1.0000000000000000E+000   6.6111427905270830E+002
          94       32768  -1.2432505605654757E+002  -2.6761470610841653E-003   5.1324935383133621E+000   2.1851170063018799E-001   1.8573970238432893E-013   1.0000000000000000E+000   6.5228075545188040E+002
          95       32768  -1.2430612327027059E+002   1.8952683143664746E-003   4.9312809452754216E+000   2.1822798252105713E-001   1.5061113955913626E-013   1.0000000000000000E+000   6.6066195928934030E+002
          96       32768  -1.2431412735960321E+002  -3.4112853349319329E-003   4.7895884681028971E+000   2.1863949298858643E-001   3.1775638511733723E-013   1.0000000000000000E+000   6.5092713071592152E+002
          97       32768  -1.2431610587465134E+002   1.1456965471412952E-003   5.1136419088167884E+000   2.1906411647796631E-001   3.4729097611380408E-013   1.0000000000000000E+000   6.6164487289008684E+002
          98       32768  -1.2429523952344778E+002  -1.8159871614701400E-003   4.6190369319317348E+000   2.1849250793457031E-001   1.1971580072807319E-013   1.0000000000000000E+000   6.4999812978575937E+002
          99       32768  -1.2433189027504838E+002   5.0120090370792203E-003   5.0838320961699299E+000   2.1898615360260010E-001   2.0279645934261602E-013   1.0000000000000000E+000   6.6166487362352200E+002
         100       32768  -1.2431305343534819E+002   4.8830535971446905E-003   5.4714178675000369E+000   2.1877753734588623E-001   3.2885365949890079E-013   1.0000000000000000E+000   6.5110208209021948E+002
         101       32768  -1.2431949195362520E+002  -2.3681657577827955E-003   4.7604877175594034E+000   2.1858239173889160E-001   2.0460282621544876E-013   1.0000000000000000E+000   6.6071532584913075E+002
         102       32768  -1.2429735896928058E+002  -4.2047634621637728E-003   4.6764566487602046E+000   2.1826684474945068E-001   1.9785124325142049E-013   1.0000000000000000E+000   6.4987714509340003E+002
         103       32768  -1.2430145212725773E+002  -7.0146728963638490E-003   5.3596796211435080E+000   2.1880972385406494E-001   4.8488444462389864E-013   1.0000000000000000E+000   6.6090060803713277E+002
         104       32768  -1.2433542848143797E+002  -3.6030582490092057E-003   4.9876223422535482E+000   2.1869909763336182E-001   1.3723278370865616E-013   1.0000000000000000E+000   6.5085186753841117E+002
         105       32768  -1.2430394089258169E+002   1.1200587695613188E-002   5.0568855501028214E+000   2.1858465671539307E-001   1.9972228346834329E-013   1.0000000000000000E+000   6.6147005963325500E+002
         106       32768  -1.2431611110690078E+002  -8.1363411171675153E-003   4.8406563901372177E+000   2.1848869323730469E-001   1.4585568755683563E-013   1.0000000000000000E+000   6.5001037813280709E+002
         107       32768  -1.2430325749235188E+002  -1.9272634529575883E-003   4.5885983568150479E+000   2.1886360645294189E-001   1.7354719992878828E-013   1.0000000000000000E+000   6.6159391378192231E+002
         108       32768  -1.2428871604770040E+002  -8.6903183817825481E-004   5.2809715665694856E+000   2.1863019466400146E-001   1.6275610191595576E-013   1.0000000000000000E+000   6.5039131300174631E+002
         109       32768  -1.2432481508875665E+002  -1.6640639389888000E-003   4.9362326346182623E+000   2.1839833259582520E-001   3.0082664207922221E-013   1.0000000000000000E+000   6.6099702458572574E+002
         110       32768  -1.2431130482011024E+002  -3.4214091812439828E-003   4.7031459610814697E+000   2.1845638751983643E-001   1.4372389640551499E-013   1.0000000000000000E+000   6.5011278947256505E+002
         111       32768  -1.2430170705262867E+002   3.3094732299887471E-003   4.9042989295240940E+000   2.1850705146789551E-001   1.3045529205130322E-013   1.0000000000000000E+000   6.6175518915383145E+002
         112       32768  -1.2430853452590344E+002  -3.4134883172604741E-004   4.7288701705124030E+000   2.1855807304382324E-001   3.1069230605100700E-013   1.0000000000000000E+000   6.5227056501922198E+002
         113       32768  -1.2428209176371587E+002   5.8986046915297796E-003   4.8639874663998874E+000   2.1859169006347656E-001   1.0646449815970486E-013   1.0000000000000000E+000   6.6490837435470894E+002
         114       32768  -1.2431002246809479E+002   1.1656675072495544E-003   4.8234519941921103E+000   2.1860480308532715E-001   3.0763939415826088E-013   1.0000000000000000E+000   6.5050938893412240E+002
         115       32768  -1.2431890170975981E+002  -6.5057595761163316E-003   4.6338489063654897E+000   2.1866512298583984E-001   1.0921438966417353E-013   1.0000000000000000E+000   6.6269909668597393E+002
         116       32768  -1.2430475502305870E+002  -5.2197950154866321E-003   4.6062161745743975E+000   2.1851432323455811E-001   2.6053133312639107E-013   1.0000000000000000E+000   6.5064016938232817E+002
         117       32768  -1.2430090646203826E+002  -2.6160603796476344E-004   5.2887546637442266E+000   2.1822488307952881E-001   2.2296286912638799E-013   1.0000000000000000E+000   6.5991382173914462E+002
         118       32768  -1.2429542572215534E+002  -2.8899671105728940E-003   4.6853873728204167E+000   2.1879220008850098E-001   1.8422835496500975E-013   1.0000000000000000E+000   6.5290344902430661E+002
         119       32768  -1.2428274401575793E+002  -2.7212365224381623E-004   4.9106786164043257E+000   2.1896994113922119E-001   1.8931332857215997E-013   1.0000000000000000E+000   6.6618195407348685E+002
         120       32768  -1.2430365965746013E+002  -1.2547171736240737E-003   4.8190664000284720E+000   2.1861493587493896E-001   2.7962595489124127E-013   1.0000000000000000E+000   6.5081882954365574E+002
         121       32768  -1.2430669343160237E+002   1.7536422656325378E-003   5.2001144598154205E+000   2.1856415271759033E-001   1.0926374104505685E-013   1.0000000000000000E+000   6.6116464372840710E+002
         122       32768  -1.2431161715361543E+002   3.5269264536249949E-003   4.6358335041477048E+000   2.1890568733215332E-001   2.0135206146063986E-013   1.0000000000000000E+000   6.5100987663050182E+002
         123       32768  -1.2430816217461930E+002   8.7215796050451131E-003   5.2292995040454358E+000   2.1872675418853760E-001   1.0403319320651471E-013   1.0000000000000000E+000   6.6121880126418546E+002
         124       32768  -1.2432157031176123E+002  -1.9255278599044235E-003   5.3124307973756117E+000   2.1878409385681152E-001   1.4696163678497491E-013   1.0000000000000000E+000   6.5087315134238452E+002
         125       32768  -1.2430946866609297E+002   3.1410366744900678E-003   4.7255866944033738E+000   2.1850812435150146E-001   1.3758653030129014E-013   1.0000000000000000E+000   6.6089019372896291E+002
         126       32768  -1.2431408380503936E+002  -3.5438835251733942E-003   4.5793843644499805E+000   2.1895337104797363E-001   2.3147990257781592E-013   1.0000000000000000E+000   6.5114227958209813E+002
         127       32768  -1.2429981082217024E+002  -1.2517429011988466E-002   4.7490489648448246E+000   2.1836304664611816E-001   1.6690552129907291E-013   1.0000000000000000E+000   6.6056453645438887E+002
         128       32768  -1.2432039858998306E+002  -2.7783663469675636E-003   4.6802907807323297E+000   2.1847474575042725E-001   1.5939810203779707E-013   1.0000000000000000E+000   6.5728469457384199E+002
         129       32768  -1.2430127713057000E+002   7.2726685143250166E-005   4.5224133406281322E+000   2.1868610382080078E-001   1.6079739112423777E-013   1.0000000000000000E+000   6.6023647541482933E+002
         130       32768  -1.2431809498989723E+002   6.5065724723195346E-004   4.8449834857682745E+000   2.1840023994445801E-001   3.9401512564310403E-013   1.0000000000000000E+000   6.5510462322551757E+002
         131       32768  -1.2432288628289719E+002  -5.9477546418053463E-003   4.9014312047410922E+000   2.1884441375732422E-001   1.6157788613559594E-013   1.0000000000000000E+000   6.5868369398615323E+002
         132       32768  -1.2431632418167251E+002   6.2079226132574772E-003   4.6168121694407862E+000   2.1889793872833252E-001   3.1797957048236877E-013   1.0000000000000000E+000   6.5593072871095501E+002
         133       32768  -1.2431238773647955E+002   8.3110347829244789E-004   4.8761434566080784E+000   2.1886551380157471E-001   2.2573060251063645E-013   1.0000000000000000E+000   6.5905116305057891E+002
         134       32768  -1.2431171347152330E+002   2.4938303607202512E-003   5.3152026317335359E+000   2.1877944469451904E-001   1.3123713659914068E-013   1.0000000000000000E+000   6.5547241795738228E+002
         135       32768  -1.2432974311637997E+002  -1.5269018694223988E-002   5.2509797088075061E+000   2.1876490116119385E-001   1.4017298853606154E-013   1.0000000000000000E+000   6.5815438775089569E+002
         136       32768  -1.2432213623014063E+002  -1.0941216099088807E-002   4.5871950394861383E+000   2.1869266033172607E-001   1.8972705449279788E-013   1.0000000000000000E+000   6.5571649121632800E+002
         137       32768  -1.2429480818022016E+002  -2.0907928680601886E-003   5.6764990356592673E+000   2.1850955486297607E-001   9.5655687212795059E-014   1.0000000000000000E+000   6.5791255887947045E+002
         138       32768  -1.2429814967550624E+002   1.4618733059804476E-003   5.0351734132970432E+000   2.1851301193237305E-001   1.9458669761216996E-013   1.0000000000000000E+000   6.5428166351397522E+002
         139       32768  -1.2428704705813709E+002   7.0879439615561847E-003   4.6769589517598202E+000   2.1833312511444092E-001   1.7703086812387797E-013   1.0000000000000000E+000   6.5734688437706791E+002
         140       32768  -1.2429795178232511E+002   2.6732702308516778E-003   4.6098531446904154E+000   2.1862924098968506E-001   1.9798082647668148E-013   1.0000000000000000E+000   6.5475765389460139E+002
         141       32768  -1.2431602768558864E+002   1.0018364747237732E-003   5.1319407702420712E+000   2.1881222724914551E-001   3.1369463921608988E-013   1.0000000000000000E+000   6.5845929487887770E+002
         142       32768  -1.2431065085601021E+002   2.9575930193132837E-003   4.4748285147527493E+000   2.1892821788787842E-001   2.0775953417685033E-013   1.0000000000000000E+000   6.5696450260514393E+002
         143       32768  -1.2429798292975157E+002   5.2492727285371639E-003   4.8142158263913739E+000   2.1857070922851562E-001   1.4667188970664810E-013   1.0000000000000000E+000   6.5810998759116046E+002
         144       32768  -1.2431515357009394E+002  -8.2537664361675075E-003   4.8593558451800494E+000   2.1829962730407715E-001   1.5108894672101659E-013   1.0000000000000000E+000   6.5676060466724448E+002
         145       32768  -1.2430331859454461E+002  -1.1665093225592671E-002   4.4711940445399776E+000   2.1841096878051758E-001   2.1068191490419117E-013   1.0000000000000000E+000   6.5855265972693451E+002
         146       32768  -1.2429915967283294E+002   7.6745178848473591E-003   4.7311037996560472E+000   2.1870017051696777E-001   1.4789907594642851E-013   1.0000000000000000E+000   6.5518667838652618E+002
         147       32768  -1.2429506210087541E+002  -2.9942608262100226E-004   4.7169851972252133E+000   2.1831393241882324E-001   2.0009795079489553E-013   1.0000000000000000E+000   6.5755481080524623E+002
         148       32768  -1.2433642736226874E+002  -4.0342310641733048E-003   4.9363898521647283E+000   2.1863603591918945E-001   2.0882136985473759E-013   1.0000000000000000E+000   6.5464785022498108E+002
         149       32768  -1.2430354556545322E+002  -3.7651856747917228E-003   5.1377428720702341E+000   2.1863293647766113E-001   1.5073935317452418E-013   1.0000000000000000E+000   6.5761697120941244E+002
         150       32768  -1.2431545765742042E+002   3.9504451989598780E-004   4.8347021793788763E+000   2.1882629394531250E-001   2.8670900893511776E-013   1.0000000000000000E+000   6.5497646843548864E+002
         151       32768  -1.2430967448431079E+002   4.7900961848261125E-003   6.7731222033747276E+000   2.1862721443176270E-001   2.3414671808123739E-013   1.0000000000000000E+000   6.5770120536745526E+002
         152       32768  -1.2428512721154247E+002  -1.0218683874949534E-002   4.6736830373016414E+000   2.1822047233581543E-001   1.3387770590831811E-013   1.0000000000000000E+000   6.5432261927006766E+002
         153       32768  -1.2429596500128012E+002  -8.8760935088215821E-004   4.6580483479358996E+000   2.1877670288085938E-001   2.0088438360253622E-013   1.0000000000000000E+000   6.5850911283539608E+002
         154       32768  -1.2430768249445909E+002   1.3264622169402310E-003   4.5713120307710327E+000   2.1856284141540527E-001   5.0415297998527682E-013   1.0000000000000000E+000   6.5437041579280049E+002
         155       32768  -1.2431036118771088E+002  -2.8946644872098414E-003   4.6153290250589336E+000   2.1869373321533203E-001   2.1117989370553089E-013   1.0000000000000000E+000   6.5769257523957640E+002
         156       32768  -1.2431579906064246E+002  -5.7900303541087821E-003   5.1876447421428313E+000   2.1877586841583252E-001   2.4202886799328537E-013   1.0000000000000000E+000   6.5509287146525458E+002
         157       32768  -1.2432503025887226E+002  -4.4111257456106931E-004   5.1713667102254437E+000   2.1881616115570068E-001   2.2104752927896741E-013   1.0000000000000000E+000   6.5827594362082891E+002
         158       32768  -1.2431568432925945E+002   4.2396032642814862E-003   4.9479298955219928E+000   2.1870756149291992E-001   3.8637890166301011E-013   1.0000000000000000E+000   6.5559316238202155E+002
         159       32768  -1.2428532455725605E+002   4.2868272466249488E-003   4.5726732190361314E+000   2.1876156330108643E-001   2.2966243716048179E-013   1.0000000000000000E+000   6.5866143234469928E+002
         160       32768  -1.2431681477170351E+002   7.1943181026030605E-003   4.4774083224584693E+000   2.1839845180511475E-001   4.5703678775498135E-013   1.0000000000000000E+000   6.5484747568052262E+002
         161       32768  -1.2430967460880747E+002   3.1609430784599545E-003   4.7248281309921047E+000   2.1861517429351807E-001   2.3092879770629796E-013   1.0000000000000000E+000   6.5741590845165774E+002
         162       32768  -1.2430529845674316E+002   7.1785858551210910E-005   4.7028775302310866E+000   2.1856141090393066E-001   4.3791936778959247E-013   1.0000000000000000E+000   6.5459821650106460E+002
         163       32768  -1.2430273656690561E+002   7.6735851256337011E-004   4.9532709996785069E+000   2.1868360042572021E-001   1.1889796858723206E-013   1.0000000000000000E+000   6.5789400011277758E+002
         164       32768  -1.2431290746847603E+002  -6.5032412635850122E-003   4.9477636222792487E+000   2.1851241588592529E-001   1.3302239529191612E-013   1.0000000000000000E+000   6.5461884783674031E+002
         165       32768  -1.2430475947701979E+002   3.4958952100115127E-003   4.9377462449403993E+000   2.1846771240234375E-001   1.4330465788222363E-013   1.0000000000000000E+000   6.5702307367720641E+002
         166       32768  -1.2428682661390260E+002   3.6436577653430882E-003   5.7065904777584961E+000   2.1840286254882812E-001   1.2525565734963109E-013   1.0000000000000000E+000   6.5442211591266096E+002
         167       32768  -1.2429107261157726E+002   8.2898840126101694E-004   4.8833929295305989E+000   2.1854650974273682E-001   1.1666226560387140E-013   1.0000000000000000E+000   6.5749729987932369E+002
         168       32768  -1.2432658486148769E+002   2.4619866092315305E-003   4.6803061616912256E+000   2.1824657917022705E-001   2.3711640705559329E-013   1.0000000000000000E+000   6.5434339202661067E+002
         169       32768  -1.2431998869523358E+002  -1.3171074389451379E-002   7.7370260187383426E+000   2.1854674816131592E-001   2.3824625643515025E-013   1.0000000000000000E+000   6.5725199227337725E+002
         170       32768  -1.2431352715719164E+002  -1.2931476131649677E-003   4.7475918872229066E+000   2.1846914291381836E-001   4.4978341724674482E-013   1.0000000000000000E+000   6.5446949372068048E+002
         171       32768  -1.2430296342009029E+002  -2.7199181130343562E-003   5.0774457567677089E+000   2.1859371662139893E-001   1.7068511434401877E-013   1.0000000000000000E+000   6.5704067806899548E+002
         172       32768  -1.2431811595785561E+002  -9.8871360739593711E-003   4.8809673441575789E+000   2.1835696697235107E-001   2.1951786210633878E-013   1.0000000000000000E+000   6.5419961317861453E+002
         173       32768  -1.2432472605606996E+002  -2.7068859155392547E-003   4.8474168181942474E+000   2.1833539009094238E-001   2.4349021518864065E-013   1.0000000000000000E+000   6.5658695393474773E+002
         174       32768  -1.2430603564689439E+002   3.8927358517680914E-003   4.6810620157737031E+000   2.1884500980377197E-001   2.3270022993668260E-013   1.0000000000000000E+000   6.5553685897635296E+002
         175       32768  -1.2431200309924414E+002   5.4507142860297378E-003   4.4616283664367291E+000   2.1850502490997314E-001   2.7360520840432207E-013   1.0000000000000000E+000   6.5687317329016514E+002
         176       32768  -1.2430004166211546E+002   8.3257094349692713E-003   4.5930904600331601E+000   2.1851098537445068E-001   2.2864969553965702E-013   1.0000000000000000E+000   6.5428287055878900E+002
         177       32768  -1.2431829296495810E+002   7.3648791723929154E-003   4.8711505477981465E+000   2.1855401992797852E-001   1.4604303440096055E-013   1.0000000000000000E+000   6.6427208357211202E+002
         178       32768  -1.2431222196806371E+002  -5.6486023958275001E-003   4.6849662793031612E+000   2.1840178966522217E-001   1.5139027477940670E-013   1.0000000000000000E+000   6.5385596003802493E+002
         179       32768  -1.2431527622472947E+002  -1.9480885467607024E-004   4.9444850970071794E+000   2.1863591670989990E-001   8.1527000283768017E-013   1.0000000000000000E+000   6.5714085025666282E+002
         180       32768  -1.2433124714929716E+002  -1.6290807486490227E-003   5.0185607896182862E+000   2.1908414363861084E-001   2.4194199023561908E-013   1.0000000000000000E+000   6.5551605252409354E+002
         181       32768  -1.2432122406842879E+002  -3.6645242013521200E-003   4.9539402735853741E+000   2.1861898899078369E-001   1.7220928559995684E-013   1.0000000000000000E+000   6.5776092555397190E+002
         182       32768  -1.2429983303999218E+002  -2.4325988123716741E-003   4.8103044338452658E+000   2.1861577033996582E-001   2.1845195608474877E-013   1.0000000000000000E+000   6.5431726866215467E+002
         183       32768  -1.2430940004985305E+002   7.7380963673772327E-003   5.3918633485088368E+000   2.1844208240509033E-001   3.8938843474038227E-013   1.0000000000000000E+000   6.6081281656632200E+002
         184       32768  -1.2431134298161986E+002  -2.9387654617945820E-004   4.5380299940006328E+000   2.1848428249359131E-001   2.4407806275132205E-013   1.0000000000000000E+000   6.5452307784697041E+002
         185       32768  -1.2430889023491854E+002   9.8320361450940971E-004   5.0850685060992546E+000   2.1898555755615234E-001   1.1503906071727459E-013   1.0000000000000000E+000   6.5825446278206073E+002
         186       32768  -1.2430758199378361E+002   5.0030977210406202E-003   4.6286108491680320E+000   2.1882498264312744E-001   1.3584466220318776E-013   1.0000000000000000E+000   6.5468049383745529E+002
         187       32768  -1.2430883294657775E+002  -8.1613880729990325E-003   4.8549940716150441E+000   2.1875178813934326E-001   1.1853088585402984E-013   1.0000000000000000E+000   6.5778524435032159E+002
         188       32768  -1.2432595861338255E+002   5.8388300760869195E-003   5.0440735575379332E+000   2.1879303455352783E-001   2.2253632110730096E-013   1.0000000000000000E+000   6.5475852480274625E+002
         189       32768  -1.2431001319794943E+002  -5.1451332665172099E-003   5.0843964829773007E+000   2.1906137466430664E-001   4.1958743974256360E-013   1.0000000000000000E+000   6.5827086391067132E+002
         190       32768  -1.2428953896103624E+002  -6.7046236959729096E-004   4.7364965036036040E+000   2.1874213218688965E-001   1.3230011523474063E-013   1.0000000000000000E+000   6.5478152509150095E+002
         191       32768  -1.2430130403947332E+002  -4.4678444705024394E-003   4.9166492373884729E+000   2.1878993511199951E-001   2.9387992653919850E-013   1.0000000000000000E+000   6.5800551743735559E+002
         192       32768  -1.2431679739203453E+002  -7.2630705937719647E-003   4.8140386726846209E+000   2.1849846839904785E-001   2.3461587572361790E-013   1.0000000000000000E+000   6.5886978685483336E+002
         193       32768  -1.2430127784410085E+002  -6.3753110617305645E-004   4.7636519242317217E+000   2.1855521202087402E-001   2.1727201213530361E-013   1.0000000000000000E+000   6.6510671123582870E+002
         194       32768  -1.2431191715889501E+002  -7.6420403500032557E-003   4.9770912944671064E+000   2.1853244304656982E-001   1.1691639489578831E-013   1.0000000000000000E+000   6.5849643808696419E+002
         195       32768  -1.2430086527146696E+002  -9.5650301073417817E-003   5.1461024965202000E+000   2.1846568584442139E-001   2.4317845124999445E-013   1.0000000000000000E+000   6.7400172568811104E+002
         196       32768  -1.2429157409144672E+002  -2.1943811488895227E-003   4.5188875149537360E+000   2.1873545646667480E-001   3.0065106652522564E-013   1.0000000000000000E+000   6.5722004070272669E+002
         197       32768  -1.2430630818372354E+002   1.0050950613745926E-003   4.4821832055682460E+000   2.1856129169464111E-001   2.3041750272569922E-013   1.0000000000000000E+000   6.6408354570902884E+002
         198       32768  -1.2429068347582468E+002  -1.0927572150378985E-002   4.9118240701129992E+000   2.1856367588043213E-001   1.8498078135268847E-013   1.0000000000000000E+000   6.5850299804517999E+002
         199       32768  -1.2432032151551661E+002  -1.4247626059638880E-003   5.6549493808611491E+000   2.1852767467498779E-001   2.4394351249939479E-013   1.0000000000000000E+000   6.6425727387797087E+002
         200       32768  -1.2431524095683145E+002   2.3560758201724061E-003   4.7003311995939150E+000   2.1872329711914062E-001   1.3571677060704204E-013   1.0000000000000000E+000   6.5776062535308301E+002
         201       32768  -1.2430338837353899E+002  -4.5655257300433799E-003   4.5919761851854251E+000   2.1876204013824463E-001   2.2110450410766180E-013   1.0000000000000000E+000   6.6474890931881964E+002
         202       32768  -1.2432247758477591E+002   4.5866903338103110E-004   4.6470802385296999E+000   2.1864140033721924E-001   3.8232175323803226E-013   1.0000000000000000E+000   6.5685647985618562E+002
         203       32768  -1.2433049408746217E+002  -1.4656820478812739E-002   4.6038800406200426E+000   2.1848046779632568E-001   1.9860679788415187E-012   1.0000000000000000E+000   6.6352180300559849E+002
         204       32768  -1.2431283299452556E+002   5.6319100637398020E-003   4.8435165434713721E+000   2.1856236457824707E-001   4.4716219785459479E-013   1.0000000000000000E+000   6.5723438129713759E+002
         205       32768  -1.2429975037778647E+002   2.9245118891725926E-003   4.8640582675656603E+000   2.1837472915649414E-001   1.3632035891785975E-013   1.0000000000000000E+000   6.6374435063032433E+002
         206       32768  -1.2430989624612985E+002   2.0207854793156069E-003   4.7210330873117030E+000   2.1889328956604004E-001   2.0904858405442012E-013   1.0000000000000000E+000   6.5760841851821169E+002
         207       32768  -1.2430601889130099E+002  -4.4166439579208707E-004   4.8598194591794357E+000   2.1854329109191895E-001   1.5589281202922878E-013   1.0000000000000000E+000   6.6380358789442107E+002
         208       32768  -1.2431764293725178E+002  -3.1171606878091594E-003   6.1221682791696246E+000   2.1861767768859863E-001   2.1381035083916739E-013   1.0000000000000000E+000   6.5960677389288321E+002
         209       32768  -1.2431287267722544E+002   1.6570936995206160E-003   4.6738440736006535E+000   2.1871411800384521E-001   1.9274110434699931E-013   1.0000000000000000E+000   6.6532540707709268E+002
         210       32768  -1.2428680953339257E+002  -6.5138453278300364E-003   4.7516863368551068E+000   2.1907818317413330E-001   6.6811630734300132E-013   1.0000000000000000E+000   6.5798464433662593E+002
         211       32768  -1.2431153794837267E+002  -4.4342244257608073E-003   5.7837225409372248E+000   2.1857929229736328E-001   1.3300697752835254E-013   1.0000000000000000E+000   6.6361938001774251E+002
         212       32768  -1.2431344986540461E+002   4.1326877225216817E-003   4.5691889698271613E+000   2.1833217144012451E-001   1.9995826537936588E-013   1.0000000000000000E+000   6.5619259766396135E+002
         213       32768  -1.2431028963007408E+002  -2.0072061670277849E-003   4.9675262955349311E+000   2.1857154369354248E-001   1.4061744182230912E-013   1.0000000000000000E+000   6.6391769108362496E+002
         214       32768  -1.2432170938500799E+002   6.8178417890667154E-004   4.7076092584201330E+000   2.1853709220886230E-001   2.7211882631612365E-013   1.0000000000000000E+000   6.5668529885355383E+002
         215       32768  -1.2430767550119582E+002   4.2117054986592411E-003   4.7357926688268908E+000   2.1840083599090576E-001   1.5262085289500484E-013   1.0000000000000000E+000   6.6345477814041078E+002
         216       32768  -1.2431285899682563E+002   6.9856185237807617E-003   4.8683138549580924E+000   2.1844470500946045E-001   1.8149850494163852E-013   1.0000000000000000E+000   6.5738351891841739E+002
         217       32768  -1.2430919806192381E+002  -6.3892206676593403E-003   5.8603456284411255E+000   2.1851563453674316E-001   1.8753646684878542E-013   1.0000000000000000E+000   6.6416672408720478E+002
         218       32768  -1.2431001737981386E+002  -2.6826750993738176E-003   4.7145515339647410E+000   2.1851706504821777E-001   1.5378390409674937E-013   1.0000000000000000E+000   6.5630177139537409E+002
         219       32768  -1.2431173213266189E+002   4.9786674024418541E-004   4.3161416688258267E+000   2.1874940395355225E-001   1.2667080333471032E-013   1.0000000000000000E+000   6.6457174198701978E+002
         220       32768  -1.2431550080026624E+002   3.3207328440281077E-003   4.8559425429951819E+000   2.1906864643096924E-001   3.3054929163660744E-013   1.0000000000000000E+000   6.5755338930012658E+002
         221       32768  -1.2431228427591722E+002  -2.3002518662974389E-003   4.7913373251474543E+000   2.1910023689270020E-001   3.2612907108435853E-013   1.0000000000000000E+000   6.6523496878333390E+002
         222       32768  -1.2430208817868809E+002   4.2053800722815782E-003   4.6876081660952895E+000   2.1878540515899658E-001   1.0171220128425990E-013   1.0000000000000000E+000   6.5792546599032357E+002
         223       32768  -1.2430690432053521E+002   8.3770146537174330E-003   4.8556968046205906E+000   2.1854090690612793E-001   2.2122497375669797E-013   1.0000000000000000E+000   6.6423131804680452E+002
         224       32768  -1.2430548413188042E+002   5.3485741161618224E-003   4.7769324068516941E+000   2.1837759017944336E-001   2.6884344119645186E-013   1.0000000000000000E+000   6.5624057006696239E+002
         225       32768  -1.2430642751033336E+002  -9.0133747614568379E-003   4.9906431164791609E+000   2.1856880187988281E-001   3.2907854156132737E-013   1.0000000000000000E+000   6.6330500909639522E+002
         226       32768  -1.2431492258544951E+002  -1.4287835246886548E-003   5.0480526579079665E+000   2.1888422966003418E-001   6.6460028743554098E-013   1.0000000000000000E+000   6.5699274783348665E+002
         227       32768  -1.2431428621500289E+002   6.3423608926780365E-003   5.3187407174235517E+000   2.1856665611267090E-001   2.3719690156372312E-013   1.0000000000000000E+000   6.6309484831476584E+002
         228       32768  -1.2432143329796308E+002  -5.4259664596196036E-003   4.7190800935813648E+000   2.1843552589416504E-001   1.5565258606714097E-013   1.0000000000000000E+000   6.5659983109822497E+002
         229       32768  -1.2430032326913113E+002  -1.3460807330339046E-003   4.3531918378696428E+000   2.1881353855133057E-001   1.5554075550201097E-013   1.0000000000000000E+000   6.6383975059958175E+002
         230       32768  -1.2429983932243661E+002  -7.1096796161791397E-003   4.4619413339732450E+000   2.1837401390075684E-001   9.6061834688047228E-014   1.0000000000000000E+000   6.5617741751391441E+002
         231       32768  -1.2429454616191697E+002   6.1322969362202408E-003   4.7423099746622075E+000   2.1863412857055664E-001   1.8167181244831308E-013   1.0000000000000000E+000   6.6374307463085279E+002
         232       32768  -1.2431417653473019E+002  -1.1611932002885706E-002   5.0394986451007284E+000   2.1852934360504150E-001   2.5337539445385779E-013   1.0000000000000000E+000   6.5684679403714836E+002
         233       32768  -1.2431039436726311E+002   4.3512920046380101E-003   5.0276775628926167E+000   2.1844899654388428E-001   2.8104435365845180E-013   1.0000000000000000E+000   6.6295816551567987E+002
         234       32768  -1.2431457800588981E+002   7.2969923222452743E-003   5.1653639635624167E+000   2.1861064434051514E-001   1.8586330497950558E-013   1.0000000000000000E+000   6.5665763145172969E+002
         235       32768  -1.2431962149613473E+002  -2.4548176574741920E-003   4.7204830601030086E+000   2.1864557266235352E-001   2.5628289599550365E-013   1.0000000000000000E+000   6.6301983247371390E+002
         236       32768  -1.2430903363886871E+002   4.2185575770196798E-003   4.7192330456463782E+000   2.1854341030120850E-001   1.3949793258427310E-013   1.0000000000000000E+000   6.5648073187703267E+002
         237       32768  -1.2430513210923678E+002   9.4134094354975523E-003   4.6696234836529538E+000   2.1872603893280029E-001   1.2517590821383278E-013   1.0000000000000000E+000   6.6366136786993593E+002
         238       32768  -1.2429725187503448E+002  -5.7265217698066742E-004   4.9096549258315054E+000   2.1895885467529297E-001   1.3513783819632107E-013   1.0000000000000000E+000   6.5742166561540216E+002
         239       32768  -1.2432067157669789E+002  -9.4593465629986347E-004   5.0657579565023418E+000   2.1889281272888184E-001   6.8959187392276892E-014   1.0000000000000000E+000   6.6389729081466794E+002
         240       32768  -1.2430462871621664E+002  -2.8266660163183545E-003   5.2624586849817465E+000   2.1864843368530273E-001   2.9784439200918278E-013   1.0000000000000000E+000   6.5708933075284585E+002
         241       32768  -1.2431695413983081E+002   2.5384251686173731E-003   5.8713959197045167E+000   2.1867179870605469E-001   1.5063905720744287E-013   1.0000000000000000E+000   6.6363212116295472E+002
         242       32768  -1.2430818215551270E+002   1.1577344837354268E-003   5.3551282859792604E+000   2.1842789649963379E-001   3.1025622044714396E-013   1.0000000000000000E+000   6.5612019226094708E+002
         243       32768  -1.2430094420737453E+002   5.2665941153840976E-003   4.5139985812349792E+000   2.1871602535247803E-001   2.0279820315189291E-013   1.0000000000000000E+000   6.6378800536273047E+002
         244       32768  -1.2430242741021343E+002  -8.1638418666057705E-004   4.7166572690174977E+000   2.1908497810363770E-001   1.7086980604027884E-013   1.0000000000000000E+000   6.5764424802595749E+002
         245       32768  -1.2431913651302396E+002  -8.4313174739933626E-003   4.6900445553052403E+000   2.1834576129913330E-001   2.9352048105423004E-013   1.0000000000000000E+000   6.6285584632819518E+002
         246       32768  -1.2429792772878343E+002  -6.1505834134114278E-004   4.7997280668656703E+000   2.1855020523071289E-001   1.6950390702489680E-013   1.0000000000000000E+000   6.5657296310551465E+002
         247       32768  -1.2432095176127352E+002  -2.2250153709928175E-003   4.6004051102914332E+000   2.1849060058593750E-001   2.8282078832929501E-013   1.0000000000000000E+000   6.6322415218455717E+002
         248       32768  -1.2433765098905809E+002  -1.2305319022187593E-003   4.9535918915279051E+000   2.1844577789306641E-001   2.4213893072006041E-013   1.0000000000000000E+000   6.5674424652988091E+002
         249       32768  -1.2431918333573682E+002  -6.5040978883529263E-003   4.9194860529052580E+000   2.1854889392852783E-001   1.5153767182746715E-013   1.0000000000000000E+000   6.6443074005423114E+002
         250       32768  -1.2431980319851586E+002   1.6422434142772415E-003   4.9779380788992693E+000   2.1867954730987549E-001   1.9142460915438518E-013   1.0000000000000000E+000   6.5691868768865243E+002
         251       32768  -1.2431806168993465E+002  -9.8813161473967339E-004   4.7820323211800222E+000   2.1868550777435303E-001   2.0367016431331016E-013   1.0000000000000000E+000   6.6688293694937602E+002
         252       32768  -1.2432068478218571E+002   5.9345778519552007E-004   4.8863770712828405E+000   2.1834897994995117E-001   3.7394340715925266E-013   1.0000000000000000E+000   6.5624016007361934E+002
         253       32768  -1.2430359773771455E+002  -7.7780365964491604E-004   4.5577278855004071E+000   2.1885550022125244E-001   2.0102365098058641E-013   1.0000000000000000E+000   6.6481181898713112E+002
         254       32768  -1.2432051703953030E+002  -1.0022146738670455E-003   4.7374205221392067E+000   2.1861279010772705E-001   1.4436587132994645E-013   1.0000000000000000E+000   6.5671640695957467E+002
         255       32768  -1.2430338716267694E+002   3.4165378284827606E-003   4.7202275172960348E+000   2.1867883205413818E-001   1.8925913807251995E-013   1.0000000000000000E+000   6.6461390102421865E+002
